40
1.80 3.60 0.95 3.60 
1.85 3.55 0.98 3.41 
1.89 3.51 1.00 3.23 
1.94 3.46 1.03 3.04 
1.98 3.42 1.06 2.86 
2.03 3.37 1.08 2.67 
2.08 3.32 1.11 2.49 
2.12 3.28 1.14 2.30 
2.17 3.23 1.17 2.11 
2.22 3.18 1.19 1.93 
2.26 3.14 1.22 1.74 
2.31 3.09 1.25 1.56 
2.35 3.05 1.27 1.37 
2.40 3.00 1.30 1.19 
2.45 2.95 1.33 1.00 
2.49 2.91 1.35 1.00 
2.54 2.86 1.38 1.00 
2.58 2.82 1.41 1.00 
2.63 2.77 1.43 0.99 
2.68 2.72 1.46 0.99 
2.72 2.68 1.49 0.99 
2.77 2.63 1.52 0.99 
2.82 2.58 1.54 0.99 
2.86 2.54 1.57 0.98 
2.91 2.49 1.60 0.98 
2.95 2.45 1.62 0.98 
3.00 2.40 1.65 0.98 
3.05 2.35 1.68 0.97 
3.09 2.31 1.70 0.97 
3.14 2.26 1.73 0.97 
3.18 2.22 1.76 0.97 
3.23 2.17 1.78 0.97 
3.28 2.12 1.81 0.96 
3.32 2.08 1.84 0.96 
3.37 2.03 1.87 0.96 
3.42 1.98 1.89 0.96 
3.46 1.94 1.92 0.96 
3.51 1.89 1.95 0.95 
3.55 1.85 1.97 0.95 
3.60 1.80 2.00 0.95 
